place(11.196, 1.000, 12.174, "Crook Boss", 1150)
upgrade(11.196, 2.350, 12.174, 678)
upgrade(11.196, 2.350, 12.174, 1357)
place(3.766, 1.000, -15.737, "Trapper", 1304)
place(-3.513, 1.000, -16.257, "Trapper", 1304)
place(-3.080, 1.000, -13.171, "Trapper", 844)
upgrade(3.766, 2.350, -15.737, 804)
upgrade(-3.080, 2.350, -13.171, 886)
upgrade(-3.513, 2.350, -16.257, 1086)
upgrade(3.766, 2.350, -15.737, 2385)
upgrade(-3.080, 2.350, -13.171, 2700)
upgrade(-3.513, 2.350, -16.257, 3426)
place(11.245, 1.000, 15.254, "Crook Boss", 1276)
place(5.690, 1.000, 10.736, "Crook Boss", 989)
place(6.794, 1.000, 13.960, "Crook Boss", 1195)
place(8.289, 1.000, 16.738, "Crook Boss", 930)
upgrade(5.690, 2.350, 10.736, 1180)
upgrade(6.794, 2.350, 13.960, 730)
upgrade(8.289, 2.350, 16.738, 1000)
upgrade(11.245, 2.350, 15.254, 550)
upgrade(5.690, 2.350, 10.736, 3024)
upgrade(6.794, 2.350, 13.960, 1674)
upgrade(8.289, 2.350, 16.738, 1768)
upgrade(11.245, 2.350, 15.254, 1668)
