place(11.196, 1.000, 12.174, "Crook Boss", 900)
upgrade(11.196, 2.350, 12.174, 450)
upgrade(11.196, 2.350, 12.174, 1350)
place(3.766, 1.000, -15.737, "Trapper", 750)
place(-3.513, 1.000, -16.257, "Trapper", 750)
place(-3.080, 1.000, -13.171, "Trapper", 750)
upgrade(3.766, 2.350, -15.737, 750)
upgrade(-3.080, 2.350, -13.171, 750)
upgrade(-3.513, 2.350, -16.257, 750)
upgrade(3.766, 2.350, -15.737, 2250)
upgrade(-3.080, 2.350, -13.171, 2250)
upgrade(-3.513, 2.350, -16.257, 2250)
place(11.245, 1.000, 15.254, "Crook Boss", 900)
place(5.690, 1.000, 10.736, "Crook Boss", 900)
place(6.794, 1.000, 13.960, "Crook Boss", 900)
place(8.289, 1.000, 16.738, "Crook Boss", 900)
upgrade(5.690, 2.350, 10.736, 450)
upgrade(6.794, 2.350, 13.960, 450)
upgrade(8.289, 2.350, 16.738, 450)
upgrade(11.245, 2.350, 15.254, 450)
upgrade(5.690, 2.350, 10.736, 1350)
upgrade(6.794, 2.350, 13.960, 1350)
upgrade(8.289, 2.350, 16.738, 1350)
upgrade(11.245, 2.350, 15.254, 1350)
